0
0.00341796875
0.01025390625
0.0185546875
0.03076171875
0.04248046875
0.05859375
0.07177734375
0.07763671875
0.0849609375
0.09228515625
0.10205078125
0.109375
0.11474609375
0.1220703125
0.12744140625
0.1376953125
0.14794921875
0.1552734375
0.16552734375
0.17578125
0.18603515625
0.1962890625
0.20654296875
0.216796875
0.22705078125
0.2373046875
0.24267578125
0.248046875
0.2587890625
0.26953125
0.2802734375
0.29150390625
0.30419921875
0.3154296875
0.32568359375
0.3359375
0.34619140625
0.3564453125
0.3662109375
0.37646484375
0.38671875
0.39208984375
0.40185546875
0.412109375
0.42236328125
0.43359375
0.44384765625
0.4541015625
0.46435546875
0.47509765625
0.4853515625
0.49560546875
0.50537109375
0.51611328125
0.52734375
0.5419921875
0.55322265625
0.5634765625
0.57373046875
0.5810546875
0.59130859375
0.5986328125
0.60888671875
0.6201171875
0.62890625
0.64111328125
0.6533203125
0.6650390625
0.67724609375
0.689453125
0.69677734375
0.708984375
0.72119140625
0.72802734375
0.736328125
0.748046875
0.7548828125
0.7705078125
0.78271484375
0.794921875
0.80712890625
0.8193359375
0.82763671875
0.83935546875
0.84716796875
0.859375
0.87158203125
0.88671875
0.8994140625
0.9111328125
0.921875
0.92919921875
0.93603515625
0.943359375
