0
0.0126953125
0.025390625
0.0380859375
0.05078125
0.0634765625
0.076171875
0.0888671875
0.1015625
0.1142578125
0.126953125
0.1396484375
0.15234375
0.1650390625
0.177734375
0.1904296875
0.203125
0.2158203125
0.228515625
0.2412109375
0.25390625
0.2666015625
0.279296875
0.2919921875
0.3046875
0.3173828125
0.330078125
0.3427734375
0.35546875
0.3681640625
0.380859375
0.3935546875
0.40625
0.4189453125
0.431640625
0.4443359375
0.45703125
0.4697265625
0.482421875
0.4951171875
0.5078125
0.5205078125
0.533203125
0.5458984375
0.55859375
0.5712890625
0.583984375
0.5966796875
0.609375
0.6220703125
0.634765625
0.6474609375
0.66015625
0.6728515625
0.685546875
0.6982421875
0.7138671875
0.7265625
0.7392578125
0.751953125
0.7646484375
0.77734375
0.7900390625
0.802734375
0.8154296875
0.828125
0.8408203125
0.853515625
0.8662109375
0.87890625
0.8916015625
0.904296875
0.9169921875
0.9296875
0.9423828125
0.955078125
0.9677734375
0.98046875
0.9931640625
1.005859375
1.0185546875
1.03125
1.0439453125
1.056640625
1.0693359375
1.08203125
1.0947265625
1.107421875
1.1201171875
1.1328125
1.1455078125
1.158203125
1.1708984375
1.18359375
1.1962890625
