0
0.005126953125
0.01416015625
0.025634765625
0.037841796875
0.054443359375
0.071533203125
0.0888671875
0.09814453125
0.107666015625
0.117431640625
0.128173828125
0.140380859375
0.150146484375
0.161865234375
0.17138671875
0.18310546875
0.2021484375
0.22119140625
0.240234375
0.25927734375
0.2783203125
0.29736328125
0.31640625
0.33544921875
0.3544921875
0.37353515625
0.383056640625
0.392333984375
0.4033203125
0.414306640625
0.425537109375
0.44091796875
0.45654296875
0.47607421875
0.49462890625
0.513671875
0.533203125
0.55029296875
0.56689453125
0.585693359375
0.603271484375
0.612548828125
0.628662109375
0.647216796875
0.663818359375
0.68359375
0.70263671875
0.72216796875
0.740234375
0.759765625
0.7783203125
0.796142578125
0.8125
0.831298828125
0.850341796875
0.874755859375
0.893798828125
0.911376953125
0.92919921875
0.939208984375
0.951171875
0.96142578125
0.974365234375
0.987060546875
1
1.015869140625
1.03173828125
1.046875
1.062744140625
1.07861328125
1.08935546875
1.10546875
1.12158203125
1.130859375
1.140380859375
1.155517578125
1.164794921875
1.18505859375
1.201171875
1.21728515625
1.23388671875
1.25048828125
1.261962890625
1.27734375
1.28857421875
1.30419921875
1.319580078125
1.33984375
1.35546875
1.37255859375
1.38720703125
1.39794921875
1.40673828125
1.41748046875
